161.0
-9.0
-84.33333333333333
-138.5
-171.0
-192.66666666666666
-206.71428571428572
-149.0
-165.88888888888889
-156.2
-166.27272727272728
-158.5
-165.92307692307693
-175.57142857142858
-165.93333333333334
-169.75
-152.2941176470588
-159.66666666666666
-137.42105263157896
-115.5
-110.04761904761905
-118.72727272727273
-125.6086956521739
-115.5
-118.28
-125.3076923076923
-119.0
-107.28571428571429
-107.6896551724138
-106.4
-107.25806451612904
-94.8125
-85.60606060606061
-87.6470588235294
-78.71428571428571
-81.05555555555556
-87.0
-84.6842105263158
-90.23076923076923
-88.5
-79.0
-83.14285714285714
-78.86046511627907
-81.5
-81.71111111111111
-73.3913043478261
-70.48936170212765
-75.29166666666667
-69.77551020408163
-69.12
-66.6470588235294
-65.76923076923077
-67.98113207547169
-70.44444444444444
-67.87272727272727
-70.78571428571429
-64.26315789473684
-66.37931034482759
-68.28813559322033
-66.06666666666666
-60.77049180327869
-54.935483870967744
-53.317460317460316
-56.25
-60.01538461538462
-54.54545454545455
-57.8955223880597
-60.23529411764706
-63.08695652173913
-60.542857142857144
-55.45070422535211
-53.27777777777778
-56.67123287671233
-59.32432432432432
-60.333333333333336
-58.026315789473685
-53.36363636363637
-52.61538461538461
-48.139240506329116
-43.775
-46.160493827160494
-41.926829268292686
-42.44578313253012
-38.357142857142854
-40.64705882352941
-36.674418604651166
-32.793103448275865
-35.84090909090909
-37.78651685393258
-39.13333333333333
-36.824175824175825
-39.69565217391305
-38.24731182795699
-40.4468085106383
-38.17894736842105
-36.520833333333336
-33.96907216494845
-32.06122448979592
-30.333333333333332
-33.04
-35.693069306930695
-34.386138613861384
-32.960396039603964
-33.05940594059406
-30.168316831683168
-24.207920792079207
-24.207920792079207
-21.653465346534652
-26.14851485148515
-21.97029702970297
-22.08910891089109
-20.366336633663366
-22.623762376237625
-21.019801980198018
-18.940594059405942
-20.84158415841584
-21.574257425742573
-20.544554455445546
-19.89108910891089
-21.77227722772277
-25.415841584158414
-23.475247524752476
-20.722772277227723
-15.0
-17.297029702970296
-15.475247524752476
-11.594059405940595
-9.792079207920793
-10.821782178217822
-10.247524752475247
-11.336633663366337
-8.881188118811881
-9.178217821782178
-9.554455445544555
-8.029702970297029
-8.841584158415841
-9.495049504950495
-8.96039603960396
-6.643564356435643
-3.0
-0.5247524752475248
-1.2178217821782178
-1.6336633663366336
-5.396039603960396
-4.108910891089109
-4.02970297029703
-7.910891089108911
-6.089108910891089
-1.2376237623762376
-1.6534653465346534
-4.267326732673268
-2.702970297029703
-2.3267326732673266
-1.891089108910891
3.0792079207920793
-0.12871287128712872
5.138613861386139
5.138613861386139
9.970297029702971
14.722772277227723
14.108910891089108
13.554455445544555
9.534653465346535
11.891089108910892
11.297029702970297
15.871287128712872
15.871287128712872
21.613861386138613
26.742574257425744
26.306930693069308
22.584158415841586
16.623762376237625
15.178217821782178
18.88118811881188
18.683168316831683
17.217821782178216
18.08910891089109
12.326732673267326
12.049504950495049
12.049504950495049
9.910891089108912
11.07920792079208
8.049504950495049
10.782178217821782
6.7227722772277225
9.772277227722773
7.158415841584159
7.01980198019802
10.287128712871286
10.346534653465346
13.950495049504951
10.98019801980198
14.564356435643564
13.217821782178218
18.02970297029703
13.316831683168317
12.544554455445544
11.712871287128714
9.178217821782178
8.168316831683168
11.03960396039604
11.653465346534654
5.871287128712871
4.98019801980198
6.9405940594059405
10.009900990099009
4.0495049504950495
5.9504950495049505
9.05940594059406
13.455445544554456
15.099009900990099
17.89108910891089
21.792079207920793
26.10891089108911
27.07920792079208
25.336633663366335
28.00990099009901
28.386138613861387
28.22772277227723
33.37623762376238
29.673267326732674
30.10891089108911
30.425742574257427
31.613861386138613
30.504950495049506
31.594059405940595
30.287128712871286
27.475247524752476
24.762376237623762
24.366336633663366
26.00990099009901
30.603960396039604
29.297029702970296
29.356435643564357
26.06930693069307
26.18811881188119
24.10891089108911
24.821782178217823
28.18811881188119
27.178217821782177
26.14851485148515
25.396039603960396
22.405940594059405
22.801980198019802
28.544554455445546
29.871287128712872
33.475247524752476
36.742574257425744
31.594059405940595
32.7029702970297
30.00990099009901
33.99009900990099
33.613861386138616
33.59405940594059
37.51485148514851
35.0990099009901
36.26732673267327
34.48514851485149
30.742574257425744
27.237623762376238
22.06930693069307
24.10891089108911
21.653465346534652
23.89108910891089
24.04950495049505
27.693069306930692
26.08910891089109
25.415841584158414
23.554455445544555
23.07920792079208
28.683168316831683
33.0
38.54455445544554
41.83168316831683
42.10891089108911
46.62376237623762
50.94059405940594
51.73267326732673
57.495049504950494
59.93069306930693
57.17821782178218
59.0
62.46534653465346
64.82178217821782
65.51485148514851
69.15841584158416
70.04950495049505
69.21782178217822
67.4950495049505
70.18811881188118
73.95049504950495
69.93069306930693
68.92079207920793
66.96039603960396
69.0990099009901
69.6930693069307
71.27722772277228
72.64356435643565
73.17821782178218
73.35643564356435
73.53465346534654
76.08910891089108
76.46534653465346
78.04950495049505
81.07920792079207
83.83168316831683
79.83168316831683
85.79207920792079
87.75247524752476
85.91089108910892
85.95049504950495
85.7128712871287
83.15841584158416
79.47524752475248
75.15841584158416
77.93069306930693
82.10891089108911
80.18811881188118
84.96039603960396
85.01980198019803
82.76237623762377
86.68316831683168
89.47524752475248
90.20792079207921
90.34653465346534
91.11881188118812
93.43564356435644
97.17821782178218
102.06930693069307
105.47524752475248
105.07920792079207
107.01980198019803
102.4059405940594
104.54455445544555
103.51485148514851
104.72277227722772
107.5940594059406
109.83168316831683
111.33663366336634
108.18811881188118
106.2871287128713
105.29702970297029
101.97029702970298
105.33663366336634
107.51485148514851
104.42574257425743
106.68316831683168
106.88118811881188
103.95049504950495
109.63366336633663
106.64356435643565
106.82178217821782
106.82178217821782
105.05940594059406
106.84158415841584
104.58415841584159
103.83168316831683
105.99009900990099
106.44554455445545
107.91089108910892
107.55445544554455
112.16831683168317
113.07920792079207
113.83168316831683
111.91089108910892
111.6930693069307
112.46534653465346
114.44554455445545
109.85148514851485
105.75247524752476
102.36633663366337
102.3069306930693
99.0
99.27722772277228
96.32673267326733
98.3069306930693
97.89108910891089
98.34653465346534
98.46534653465346
97.83168316831683
97.81188118811882
100.34653465346534
98.34653465346534
98.58415841584159
98.8019801980198
98.26732673267327
96.02970297029702
97.37623762376238
100.38613861386139
97.93069306930693
96.4059405940594
95.83168316831683
99.61386138613861
104.02970297029702
105.87128712871286
101.73267326732673
97.89108910891089
101.6930693069307
102.12871287128714
101.07920792079207
103.07920792079207
105.05940594059406
105.15841584158416
110.12871287128714
114.4059405940594
115.1980198019802
115.89108910891089
119.7128712871287
119.25742574257426
120.82178217821782
119.43564356435644
118.12871287128714
117.05940594059406
120.3069306930693
119.47524752475248
122.54455445544555
122.08910891089108
123.07920792079207
124.96039603960396
123.0
123.0990099009901
120.96039603960396
123.0
122.64356435643565
121.27722772277228
123.15841584158416
120.54455445544555
121.07920792079207
118.48514851485149
116.44554455445545
111.6930693069307
113.05940594059406
112.82178217821782
115.31683168316832
112.42574257425743
113.13861386138613
116.14851485148515
113.61386138613861
112.72277227722772
115.23762376237623
120.04950495049505
123.39603960396039
127.73267326732673
132.52475247524754
128.9009900990099
131.37623762376236
131.7128712871287
131.75247524752476
128.96039603960395
126.54455445544555
126.54455445544555
129.53465346534654
133.5148514851485
129.53465346534654
129.990099009901
130.2871287128713
132.98019801980197
131.55445544554456
132.8019801980198
132.14851485148515
134.02970297029702
136.32673267326732
135.55445544554456
135.11881188118812
136.3861386138614
134.88118811881188
133.8910891089109
134.68316831683168
135.37623762376236
139.77227722772278
144.1089108910891
147.97029702970298
147.97029702970298
152.0891089108911
147.55445544554456
150.52475247524754
147.87128712871288
147.75247524752476
148.52475247524754
146.14851485148515
145.0990099009901
143.45544554455446
143.0990099009901
145.3960396039604
144.76237623762376
145.21782178217822
144.009900990099
145.43564356435644
143.13861386138615
143.5742574257426
145.5742574257426
144.94059405940595
146.62376237623764
146.98019801980197
143.43564356435644
142.1881188118812
145.69306930693068
148.009900990099
148.22772277227722
146.32673267326732
146.30693069306932
145.0
144.20792079207922
143.8118811881188
143.79207920792078
143.0990099009901
143.4950495049505
143.27722772277227
141.5148514851485
141.31683168316832
141.11881188118812
142.4257425742574
144.16831683168317
145.1980198019802
142.24752475247524
146.76237623762376
147.95049504950495
148.56435643564356
149.01980198019803
148.82178217821783
150.92079207920793
151.11881188118812
153.59405940594058
150.4851485148515
151.25742574257427
149.990099009901
147.05940594059405
149.77227722772278
149.95049504950495
152.74257425742573
151.63366336633663
152.74257425742573
149.95049504950495
149.37623762376236
151.65346534653466
155.55445544554456
155.8118811881188
153.35643564356437
155.65346534653466
156.40594059405942
156.3861386138614
156.2871287128713
156.0891089108911
156.0891089108911
156.0891089108911
159.1980198019802
159.63366336633663
159.03960396039605
156.24752475247524
158.22772277227722
163.23762376237624
162.44554455445544
160.98019801980197
156.06930693069307
158.26732673267327
160.5049504950495
157.7128712871287
154.34653465346534
157.1980198019802
157.8910891089109
159.87128712871288
160.26732673267327
157.83168316831683
158.66336633663366
157.93069306930693
156.52475247524754
160.46534653465346
161.2970297029703
157.75247524752476
156.1881188118812
155.31683168316832
156.6039603960396
156.009900990099
155.83168316831683
151.23762376237624
155.9108910891089
154.40594059405942
155.23762376237624
152.8019801980198
152.14851485148515
151.2970297029703
149.03960396039605
145.5148514851485
145.9108910891089
145.53465346534654
146.20792079207922
142.46534653465346
141.67326732673268
139.33663366336634
140.32673267326732
139.85148514851485
141.8118811881188
143.1980198019802
140.72277227722773
138.4851485148515
142.56435643564356
145.8910891089109
147.77227722772278
148.88118811881188
148.56435643564356
151.15841584158414
151.69306930693068
153.5148514851485
154.76237623762376
155.37623762376236
153.07920792079207
152.06930693069307
149.27722772277227
149.4950495049505
150.4257425742574
146.76237623762376
144.2871287128713
146.40594059405942
145.45544554455446
144.24752475247524
145.3960396039604
142.40594059405942
143.21782178217822
143.21782178217822
139.0990099009901
141.21782178217822
141.8910891089109
141.69306930693068
139.15841584158414
139.85148514851485
139.85148514851485
141.990099009901
142.7029702970297
138.96039603960395
133.5148514851485
133.23762376237624
135.33663366336634
135.83168316831683
139.87128712871288
136.84158415841586
136.1881188118812
135.85148514851485
135.7128712871287
135.87128712871288
136.1089108910891
137.4950495049505
137.8910891089109
137.83168316831683
138.0891089108911
135.5742574257426
135.2970297029703
134.78217821782178
134.5049504950495
131.8910891089109
133.97029702970298
133.53465346534654
129.990099009901
130.26732673267327
130.46534653465346
131.2970297029703
134.78217821782178
132.9009900990099
134.36633663366337
137.55445544554456
139.01980198019803
134.84158415841586
134.84158415841586
133.990099009901
137.990099009901
137.97029702970298
138.56435643564356
141.23762376237624
141.59405940594058
141.87128712871288
145.6138613861386
146.32673267326732
148.06930693069307
147.65346534653466
147.6138613861386
148.20792079207922
153.23762376237624
152.0891089108911
153.6138613861386
154.009900990099
158.1089108910891
158.74257425742573
159.17821782178217
162.98019801980197
168.30693069306932
168.4851485148515
168.46534653465346
168.24752475247524
171.7128712871287
174.64356435643563
177.8910891089109
178.6039603960396
178.4257425742574
178.56435643564356
179.05940594059405
180.98019801980197
184.04950495049505
180.78217821782178
180.3861386138614
179.8910891089109
179.9108910891089
180.58415841584159
179.27722772277227
180.40594059405942
181.7128712871287
180.9009900990099
180.96039603960395
179.67326732673268
181.37623762376236
184.16831683168317
184.16831683168317
185.03960396039605
187.59405940594058
190.8019801980198
187.7128712871287
188.74257425742573
189.65346534653466
187.17821782178217
189.59405940594058
189.69306930693068
189.47524752475246
191.1980198019802
189.2970297029703
189.2970297029703
189.63366336633663
192.64356435643563
191.11881188118812
191.11881188118812
188.88118811881188
187.95049504950495
191.93069306930693
197.33663366336634
197.75247524752476
198.8019801980198
199.47524752475246
199.3960396039604
202.68316831683168
202.5049504950495
201.85148514851485
202.3861386138614
203.69306930693068
203.17821782178217
203.07920792079207
202.66336633663366
202.96039603960395
203.11881188118812
205.41584158415841
201.83168316831683
202.1089108910891
201.0990099009901
202.94059405940595
201.75247524752476
201.21782178217822
204.46534653465346
204.74257425742573
205.47524752475246
209.2970297029703
209.5742574257426
210.92079207920793
212.62376237623764
212.56435643564356
211.03960396039605
215.15841584158414
213.47524752475246
210.88118811881188
208.06930693069307
208.30693069306932
208.4257425742574
208.58415841584159
209.15841584158414
208.0891089108911
205.2970297029703
203.31683168316832
203.0
201.79207920792078
202.02970297029702
201.73267326732673
201.59405940594058
196.98019801980197
196.02970297029702
193.63366336633663
188.62376237623764
188.16831683168317
190.66336633663366
190.5049504950495
190.86138613861385
188.96039603960395
188.86138613861385
187.79207920792078
187.23762376237624
185.1980198019802
184.68316831683168
185.27722772277227
185.47524752475246
181.0990099009901
180.98019801980197
177.13861386138615
176.4851485148515
178.86138613861385
179.0990099009901
179.2970297029703
179.6138613861386
179.6138613861386
180.7029702970297
180.44554455445544
178.0891089108911
178.78217821782178
177.03960396039605
179.67326732673268
177.15841584158414
171.85148514851485
171.13861386138615
170.98019801980197
170.22772277227722
167.41584158415841
167.27722772277227
166.02970297029702
166.12871287128712
170.3861386138614
170.56435643564356
171.11881188118812
170.6039603960396
170.5049504950495
172.64356435643563
171.11881188118812
169.85148514851485
171.2970297029703
175.23762376237624
174.04950495049505
176.4851485148515
179.2970297029703
178.92079207920793
178.58415841584159
177.75247524752476
177.31683168316832
177.1980198019802
176.20792079207922
176.5049504950495
176.12871287128712
174.58415841584159
174.04950495049505
172.34653465346534
172.86138613861385
167.9108910891089
168.46534653465346
167.990099009901
167.67326732673268
167.59405940594058
171.45544554455446
172.24752475247524
173.95049504950495
178.06930693069307
179.65346534653466
179.23762376237624
180.4851485148515
180.14851485148515
179.990099009901
179.69306930693068
177.03960396039605
177.87128712871288
178.12871287128712
177.85148514851485
179.65346534653466
179.85148514851485
181.0990099009901
182.46534653465346
184.92079207920793
184.8019801980198
182.94059405940595
182.94059405940595
181.83168316831683
182.9009900990099
184.5049504950495
186.96039603960395
186.86138613861385
188.82178217821783
188.6039603960396
188.9009900990099
188.4257425742574
190.46534653465346
191.01980198019803
194.84158415841586
196.92079207920793
196.32673267326732
192.98019801980197
189.85148514851485
189.97029702970298
186.94059405940595
187.45544554455446
188.92079207920793
189.55445544554456
190.32673267326732
191.07920792079207
187.35643564356437
187.8118811881188
192.02970297029702
191.53465346534654
195.75247524752476
195.45544554455446
196.54455445544554
193.45544554455446
193.0990099009901
192.46534653465346
191.85148514851485
192.12871287128712
189.31683168316832
191.5148514851485
191.0990099009901
189.87128712871288
186.62376237623764
189.13861386138615
194.44554455445544
193.83168316831683
193.8910891089109
195.73267326732673
198.1881188118812
201.41584158415841
202.2871287128713
202.9009900990099
202.96039603960395
202.98019801980197
202.86138613861385
202.22772277227722
204.34653465346534
204.44554455445544
205.97029702970298
206.1089108910891
205.3960396039604
205.3960396039604
206.58415841584159
206.40594059405942
206.4257425742574
206.40594059405942
206.78217821782178
207.01980198019803
207.45544554455446
208.84158415841586
210.02970297029702
206.98019801980197
207.87128712871288
205.5742574257426
206.1089108910891
209.15841584158414
207.97029702970298
213.05940594059405
211.13861386138615
211.67326732673268
210.96039603960395
211.21782178217822
211.01980198019803
211.0
208.96039603960395
208.58415841584159
208.9009900990099
207.15841584158414
207.15841584158414
203.35643564356437
199.97029702970298
200.52475247524754
203.17821782178217
199.0
198.98019801980197
196.20792079207922
192.86138613861385
192.94059405940595
193.37623762376236
195.45544554455446
194.58415841584159
194.98019801980197
197.11881188118812
196.30693069306932
193.2970297029703
188.32673267326732
189.67326732673268
185.25742574257427
185.67326732673268
184.6039603960396
180.1089108910891
179.990099009901
178.34653465346534
181.11881188118812
180.88118811881188
180.72277227722773
183.21782178217822
183.95049504950495
187.65346534653466
189.33663366336634
186.86138613861385
191.79207920792078
189.41584158415841
189.47524752475246
188.68316831683168
189.95049504950495
185.05940594059405
187.6138613861386
186.009900990099
183.59405940594058
183.97029702970298
182.06930693069307
183.01980198019803
182.82178217821783
186.40594059405942
182.0891089108911
182.8019801980198
182.20792079207922
181.83168316831683
185.1980198019802
179.3960396039604
179.83168316831683
182.96039603960395
186.96039603960395
186.52475247524754
186.52475247524754
186.06930693069307
184.30693069306932
184.64356435643563
184.96039603960395
179.85148514851485
179.87128712871288
179.65346534653466
179.37623762376236
176.40594059405942
176.26732673267327
173.5148514851485
173.6138613861386
169.25742574257427
168.96039603960395
165.53465346534654
166.24752475247524
166.24752475247524
161.85148514851485
157.2970297029703
157.21782178217822
157.6138613861386
155.79207920792078
154.86138613861385
154.04950495049505
155.2970297029703
154.62376237623764
154.3861386138614
154.4257425742574
159.25742574257427
159.07920792079207
155.7128712871287
156.78217821782178
155.9108910891089
157.73267326732673
157.93069306930693
158.74257425742573
153.95049504950495
153.55445544554456
152.46534653465346
152.2871287128713
148.62376237623764
148.36633663366337
151.93069306930693
151.8118811881188
151.27722772277227
155.0990099009901
154.04950495049505
153.67326732673268
157.85148514851485
157.1980198019802
159.59405940594058
161.990099009901
161.990099009901
160.32673267326732
160.0891089108911
160.66336633663366
159.8118811881188
159.65346534653466
156.46534653465346
157.13861386138615
161.85148514851485
157.79207920792078
162.04950495049505
161.69306930693068
162.76237623762376
163.33663366336634
162.88118811881188
163.0
163.63366336633663
163.95049504950495
161.7128712871287
161.8910891089109
160.9009900990099
156.82178217821783
158.16831683168317
158.66336633663366
157.65346534653466
159.5148514851485
157.63366336633663
158.62376237623764
158.12871287128712
162.68316831683168
163.3960396039604
161.93069306930693
163.69306930693068
162.16831683168317
163.5742574257426
162.6039603960396
