301.0
263.0
175.66666666666666
67.5
95.8
113.33333333333333
54.142857142857146
13.0
-16.555555555555557
-5.8
-31.0
-53.5
-72.53846153846153
-53.57142857142857
-45.13333333333333
-23.5
-4.411764705882353
-20.0
-12.263157894736842
-16.4
-29.952380952380953
-30.181818181818183
-23.08695652173913
-9.583333333333334
-21.24
-32.0
-38.629629629629626
-37.0
-46.10344827586207
-34.53333333333333
-42.61290322580645
-41.8125
-49.666666666666664
-54.11764705882353
-54.02857142857143
-58.111111111111114
-52.513513513513516
-43.21052631578947
-42.12820512820513
-35.25
-27.536585365853657
-33.19047619047619
-30.86046511627907
-37.0
-34.422222222222224
-40.21739130434783
-39.340425531914896
-44.791666666666664
-43.08163265306123
-37.8
-31.745098039215687
-31.076923076923077
-30.962264150943398
-31.333333333333332
-27.945454545454545
-31.464285714285715
-25.63157894736842
-22.517241379310345
-20.050847457627118
-16.433333333333334
-11.229508196721312
-13.548387096774194
-9.952380952380953
-9.1875
-6.876923076923077
-11.030303030303031
-12.044776119402986
-12.676470588235293
-8.855072463768115
-5.228571428571429
-8.80281690140845
-4.5
-8.561643835616438
-10.864864864864865
-9.72
-6.421052631578948
-8.532467532467532
-6.102564102564102
-3.759493670886076
-7.475
-5.246913580246914
-6.219512195121951
-3.2650602409638556
-1.9523809523809523
-2.2705882352941176
-5.023255813953488
-3.8735632183908044
-0.4090909090909091
2.9775280898876404
-0.26666666666666666
3.043956043956044
6.282608695652174
8.333333333333334
10.446808510638299
7.231578947368421
10.291666666666666
8.381443298969073
9.46938775510204
11.606060606060606
9.38
11.772277227722773
10.801980198019802
9.158415841584159
12.128712871287128
16.861386138613863
16.92079207920792
15.178217821782178
19.633663366336634
25.336633663366335
30.702970297029704
30.821782178217823
32.92079207920792
35.37623762376238
39.851485148514854
40.504950495049506
42.56435643564357
39.71287128712871
37.37623762376238
43.17821782178218
44.9009900990099
46.12871287128713
47.495049504950494
46.524752475247524
45.0
45.0
45.83168316831683
50.12871287128713
54.504950495049506
51.45544554455446
55.59405940594059
52.306930693069305
57.15841584158416
59.31683168316832
63.07920792079208
64.82178217821782
67.73267326732673
66.74257425742574
65.7128712871287
63.693069306930695
65.5940594059406
63.336633663366335
63.53465346534654
69.13861386138613
69.85148514851485
75.81188118811882
73.03960396039604
73.03960396039604
71.35643564356435
75.17821782178218
76.20792079207921
73.27722772277228
73.45544554455445
76.22772277227723
79.45544554455445
81.61386138613861
81.41584158415841
85.13861386138613
85.0
83.07920792079207
79.75247524752476
78.96039603960396
74.88118811881188
79.39603960396039
80.26732673267327
80.9009900990099
79.81188118811882
84.04950495049505
86.42574257425743
85.15841584158416
83.91089108910892
82.02970297029702
87.57425742574257
86.74257425742574
89.13861386138613
93.01980198019803
94.82178217821782
93.75247524752476
95.01980198019803
95.39603960396039
94.68316831683168
100.64356435643565
101.33663366336634
104.8019801980198
100.94059405940594
100.24752475247524
102.02970297029702
107.35643564356435
106.9009900990099
105.65346534653466
105.13861386138613
108.2871287128713
103.65346534653466
101.25742574257426
99.07920792079207
98.06930693069307
99.25742574257426
98.4059405940594
99.45544554455445
96.56435643564356
96.98019801980197
101.89108910891089
98.34653465346534
98.32673267326733
100.58415841584159
99.83168316831683
97.7128712871287
94.10891089108911
95.81188118811882
95.63366336633663
95.57425742574257
92.72277227722772
89.65346534653466
92.92079207920793
95.35643564356435
96.2871287128713
94.06930693069307
94.26732673267327
92.66336633663366
89.5940594059406
85.51485148514851
85.01980198019803
84.54455445544555
83.17821782178218
84.54455445544555
83.17821782178218
83.17821782178218
84.9009900990099
83.75247524752476
84.18811881188118
88.76237623762377
87.73267326732673
86.70297029702971
85.45544554455445
82.16831683168317
82.78217821782178
85.21782178217822
85.79207920792079
88.36633663366337
90.22772277227723
91.33663366336634
91.0990099009901
91.65346534653466
90.10891089108911
84.96039603960396
80.60396039603961
79.67326732673267
83.61386138613861
87.67326732673267
89.55445544554455
90.98019801980197
91.89108910891089
95.61386138613861
94.86138613861387
95.03960396039604
94.84158415841584
93.45544554455445
93.77227722772277
94.64356435643565
94.72277227722772
95.61386138613861
99.53465346534654
98.96039603960396
100.16831683168317
100.16831683168317
100.16831683168317
102.12871287128714
102.38613861386139
103.91089108910892
105.29702970297029
109.37623762376238
109.05940594059406
109.89108910891089
109.1980198019802
109.01980198019803
111.63366336633663
112.5049504950495
112.04950495049505
112.64356435643565
113.73267326732673
114.04950495049505
115.67326732673267
115.11881188118812
114.92079207920793
114.36633663366337
117.0990099009901
114.22772277227723
109.89108910891089
105.43564356435644
105.51485148514851
106.76237623762377
107.27722772277228
107.77227722772277
110.10891089108911
110.12871287128714
110.56435643564356
112.5049504950495
117.21782178217822
116.88118811881188
120.5049504950495
125.23762376237623
124.42574257425743
124.58415841584159
127.6930693069307
128.68316831683168
128.82178217821783
126.66336633663366
129.5742574257426
128.56435643564356
129.1980198019802
130.88118811881188
128.74257425742573
130.8019801980198
135.83168316831683
135.83168316831683
136.52475247524754
136.74257425742573
138.76237623762376
138.26732673267327
142.72277227722773
144.72277227722773
148.04950495049505
148.26732673267327
149.25742574257427
153.5742574257426
152.92079207920793
156.92079207920793
154.3861386138614
153.41584158415841
152.64356435643563
152.36633663366337
150.32673267326732
151.9108910891089
152.46534653465346
150.78217821782178
151.3960396039604
151.9108910891089
152.30693069306932
151.65346534653466
155.03960396039605
154.82178217821783
155.15841584158414
154.3861386138614
156.76237623762376
157.8118811881188
161.43564356435644
164.3861386138614
163.25742574257427
161.67326732673268
163.5742574257426
162.06930693069307
161.11881188118812
161.69306930693068
161.07920792079207
161.95049504950495
159.55445544554456
158.52475247524754
156.92079207920793
157.77227722772278
155.63366336633663
152.22772277227722
149.07920792079207
147.7128712871287
148.54455445544554
148.6039603960396
142.64356435643563
139.5742574257426
135.59405940594058
137.15841584158414
135.7128712871287
135.7128712871287
135.9108910891089
137.35643564356437
138.44554455445544
136.96039603960395
137.15841584158414
137.5742574257426
134.24752475247524
135.01980198019803
135.17821782178217
133.2970297029703
132.44554455445544
132.4851485148515
132.36633663366337
133.0
132.8019801980198
133.990099009901
139.13861386138615
144.8019801980198
148.20792079207922
147.7128712871287
147.21782178217822
147.21782178217822
149.25742574257427
151.55445544554456
150.12871287128712
152.9009900990099
151.8910891089109
151.21782178217822
152.40594059405942
151.35643564356437
150.94059405940595
151.35643564356437
151.05940594059405
151.85148514851485
151.55445544554456
146.44554455445544
148.009900990099
146.4257425742574
149.93069306930693
145.27722772277227
144.82178217821783
147.01980198019803
147.45544554455446
147.0
143.03960396039605
142.84158415841586
142.3861386138614
143.0
142.76237623762376
142.14851485148515
142.58415841584159
141.21782178217822
137.0990099009901
138.58415841584159
139.5148514851485
142.86138613861385
143.13861386138615
144.30693069306932
148.68316831683168
148.32673267326732
148.36633663366337
151.75247524752476
152.14851485148515
154.2871287128713
158.16831683168317
161.83168316831683
160.68316831683168
159.5742574257426
156.6039603960396
153.75247524752476
153.67326732673268
150.4851485148515
150.6039603960396
149.31683168316832
149.8118811881188
149.65346534653466
152.66336633663366
154.52475247524754
157.03960396039605
157.03960396039605
161.31683168316832
161.63366336633663
161.01980198019803
161.35643564356437
161.35643564356437
163.75247524752476
164.78217821782178
164.5049504950495
163.3960396039604
161.97029702970298
163.1980198019802
166.14851485148515
165.27722772277227
166.84158415841586
168.30693069306932
174.26732673267327
176.74257425742573
180.72277227722773
181.17821782178217
177.4950495049505
177.0
174.5049504950495
171.2970297029703
169.95049504950495
171.87128712871288
170.30693069306932
170.56435643564356
173.5148514851485
172.1089108910891
172.62376237623764
175.07920792079207
174.16831683168317
173.23762376237624
170.86138613861385
171.0
170.76237623762376
169.2970297029703
167.93069306930693
166.36633663366337
166.84158415841586
168.32673267326732
168.7029702970297
167.69306930693068
165.6138613861386
165.21782178217822
165.77227722772278
165.31683168316832
165.79207920792078
166.1089108910891
165.45544554455446
166.54455445544554
166.96039603960395
167.73267326732673
162.2871287128713
160.34653465346534
157.11881188118812
159.45544554455446
156.5049504950495
156.8019801980198
157.97029702970298
163.01980198019803
161.6138613861386
161.6138613861386
161.63366336633663
161.69306930693068
166.06930693069307
165.45544554455446
165.37623762376236
165.37623762376236
166.1089108910891
164.32673267326732
167.2970297029703
165.8910891089109
167.0990099009901
164.9009900990099
159.75247524752476
155.63366336633663
155.79207920792078
157.15841584158414
157.01980198019803
159.47524752475246
155.67326732673268
155.2970297029703
156.02970297029702
152.94059405940595
151.65346534653466
151.65346534653466
152.76237623762376
150.68316831683168
151.21782178217822
154.06930693069307
153.35643564356437
156.9009900990099
158.62376237623764
159.9108910891089
159.9108910891089
160.74257425742573
160.74257425742573
159.05940594059405
156.32673267326732
155.9108910891089
151.67326732673268
152.86138613861385
153.2970297029703
152.54455445544554
150.2871287128713
150.2871287128713
150.4851485148515
154.8019801980198
156.3861386138614
158.14851485148515
157.79207920792078
160.46534653465346
163.45544554455446
163.25742574257427
163.5742574257426
163.5742574257426
163.9108910891089
163.75247524752476
162.46534653465346
167.59405940594058
168.0891089108911
171.0990099009901
173.5742574257426
172.36633663366337
169.87128712871288
170.82178217821783
168.36633663366337
167.41584158415841
168.94059405940595
166.58415841584159
168.30693069306932
170.56435643564356
170.30693069306932
172.78217821782178
172.58415841584159
171.03960396039605
170.62376237623764
171.8910891089109
173.6138613861386
173.6138613861386
169.79207920792078
167.87128712871288
165.33663366336634
166.68316831683168
166.3861386138614
169.63366336633663
166.3861386138614
166.92079207920793
166.86138613861385
164.58415841584159
161.67326732673268
161.67326732673268
159.85148514851485
163.3960396039604
164.6039603960396
164.56435643564356
166.96039603960395
171.13861386138615
171.95049504950495
172.1089108910891
171.5742574257426
172.88118811881188
172.88118811881188
173.33663366336634
172.84158415841586
172.84158415841586
173.5742574257426
174.44554455445544
174.0891089108911
172.12871287128712
173.73267326732673
173.73267326732673
177.25742574257427
178.84158415841586
181.43564356435644
183.63366336633663
187.990099009901
187.77227722772278
183.35643564356437
182.9009900990099
182.26732673267327
185.53465346534654
183.97029702970298
183.15841584158414
187.11881188118812
188.40594059405942
188.40594059405942
188.7029702970297
191.41584158415841
191.8910891089109
191.5742574257426
193.25742574257427
189.7128712871287
189.43564356435644
187.95049504950495
187.95049504950495
188.22772277227722
187.87128712871288
189.25742574257427
191.13861386138615
189.4950495049505
193.21782178217822
193.11881188118812
193.03960396039605
194.06930693069307
196.32673267326732
196.24752475247524
196.24752475247524
195.13861386138615
194.66336633663366
197.07920792079207
199.0
196.5049504950495
193.4950495049505
193.3960396039604
194.32673267326732
193.07920792079207
193.33663366336634
190.5049504950495
191.8910891089109
188.2871287128713
184.4851485148515
182.88118811881188
184.22772277227722
186.1089108910891
185.2970297029703
185.05940594059405
183.11881188118812
184.02970297029702
183.0990099009901
183.75247524752476
183.3960396039604
180.94059405940595
181.93069306930693
182.40594059405942
182.02970297029702
184.009900990099
185.8910891089109
182.54455445544554
178.98019801980197
179.5742574257426
184.5049504950495
184.06930693069307
187.11881188118812
187.75247524752476
188.44554455445544
187.990099009901
191.69306930693068
189.21782178217822
187.03960396039605
187.15841584158414
188.82178217821783
188.22772277227722
188.06930693069307
187.43564356435644
188.14851485148515
191.0
191.25742574257427
191.0990099009901
191.01980198019803
191.43564356435644
191.35643564356437
191.3960396039604
191.3960396039604
190.3861386138614
188.54455445544554
188.40594059405942
185.83168316831683
185.47524752475246
185.25742574257427
186.58415841584159
187.37623762376236
187.37623762376236
187.37623762376236
188.66336633663366
188.96039603960395
191.8118811881188
189.1980198019802
187.67326732673268
190.46534653465346
189.53465346534654
191.65346534653466
191.8910891089109
193.85148514851485
194.8019801980198
193.59405940594058
190.78217821782178
190.4257425742574
190.8019801980198
191.43564356435644
191.03960396039605
191.35643564356437
191.17821782178217
194.40594059405942
194.32673267326732
195.65346534653466
191.7128712871287
192.1089108910891
190.86138613861385
190.06930693069307
191.01980198019803
192.6039603960396
192.72277227722773
192.76237623762376
192.68316831683168
189.17821782178217
187.83168316831683
187.17821782178217
182.88118811881188
184.26732673267327
184.74257425742573
184.74257425742573
185.27722772277227
187.77227722772278
187.17821782178217
187.47524752475246
186.66336633663366
187.03960396039605
187.03960396039605
190.02970297029702
188.7029702970297
190.5049504950495
194.1089108910891
195.7128712871287
193.05940594059405
193.67326732673268
196.8019801980198
198.46534653465346
203.13861386138615
201.83168316831683
200.96039603960395
198.4851485148515
194.44554455445544
196.74257425742573
194.16831683168317
194.26732673267327
191.03960396039605
191.23762376237624
191.79207920792078
194.30693069306932
193.3960396039604
193.17821782178217
191.63366336633663
194.1089108910891
194.3861386138614
194.64356435643563
194.26732673267327
194.36633663366337
194.26732673267327
194.52475247524754
197.11881188118812
195.8118811881188
197.05940594059405
196.94059405940595
194.7029702970297
194.36633663366337
193.69306930693068
193.5148514851485
193.63366336633663
192.22772277227722
192.78217821782178
193.0
193.17821782178217
193.69306930693068
193.3960396039604
193.69306930693068
195.3960396039604
195.0990099009901
193.75247524752476
189.31683168316832
189.8910891089109
190.16831683168317
190.009900990099
189.77227722772278
189.77227722772278
189.65346534653466
189.11881188118812
187.47524752475246
188.52475247524754
189.95049504950495
191.5742574257426
191.95049504950495
191.95049504950495
192.74257425742573
188.7029702970297
188.7029702970297
186.64356435643563
189.11881188118812
189.2970297029703
189.31683168316832
188.24752475247524
190.66336633663366
189.75247524752476
189.5148514851485
189.5742574257426
189.95049504950495
189.01980198019803
192.76237623762376
188.8019801980198
187.01980198019803
183.47524752475246
177.5148514851485
174.92079207920793
175.07920792079207
174.40594059405942
172.32673267326732
174.96039603960395
176.04950495049505
175.9108910891089
179.7128712871287
178.96039603960395
178.34653465346534
178.34653465346534
178.1881188118812
177.83168316831683
180.78217821782178
180.1089108910891
178.98019801980197
174.88118811881188
174.36633663366337
173.59405940594058
175.21782178217822
176.8019801980198
172.04950495049505
167.11881188118812
165.8910891089109
163.55445544554456
163.990099009901
161.37623762376236
160.52475247524754
161.07920792079207
162.34653465346534
166.92079207920793
171.31683168316832
171.01980198019803
169.6138613861386
168.8019801980198
172.6039603960396
170.78217821782178
168.7029702970297
169.5742574257426
174.04950495049505
173.5742574257426
175.37623762376236
170.68316831683168
170.2871287128713
170.2871287128713
167.87128712871288
167.0990099009901
164.7029702970297
162.44554455445544
162.0891089108911
166.20792079207922
166.1881188118812
163.33663366336634
163.8910891089109
162.52475247524754
159.03960396039605
158.94059405940595
154.02970297029702
152.84158415841586
152.7029702970297
150.20792079207922
146.1881188118812
146.1881188118812
146.30693069306932
146.66336633663366
147.5148514851485
144.76237623762376
148.68316831683168
150.2871287128713
145.25742574257427
140.58415841584159
140.74257425742573
140.6039603960396
138.2871287128713
137.990099009901
138.52475247524754
136.56435643564356
133.63366336633663
131.75247524752476
131.75247524752476
132.9009900990099
132.5049504950495
130.1881188118812
129.69306930693068
129.0990099009901
132.2871287128713
132.62376237623764
132.8019801980198
132.96039603960395
133.41584158415841
130.22772277227722
130.94059405940595
125.39603960396039
125.05940594059406
123.05940594059406
120.24752475247524
117.51485148514851
121.57425742574257
121.57425742574257
125.61386138613861
130.8019801980198
133.41584158415841
133.65346534653466
134.54455445544554
137.03960396039605
137.9108910891089
137.6138613861386
138.009900990099
137.990099009901
133.37623762376236
131.75247524752476
128.1881188118812
126.26732673267327
125.21782178217822
124.8019801980198
124.62376237623762
122.18811881188118
122.66336633663366
119.15841584158416
115.27722772277228
115.27722772277228
113.97029702970298
118.48514851485149
123.31683168316832
127.01980198019803
129.77227722772278
129.7128712871287
131.95049504950495
132.4851485148515
133.65346534653466
133.77227722772278
132.46534653465346
132.46534653465346
129.05940594059405
133.1980198019802
133.6138613861386
133.6138613861386
135.8910891089109
136.14851485148515
130.7029702970297
125.77227722772277
125.37623762376238
125.0
129.69306930693068
128.94059405940595
127.41584158415841
128.16831683168317
129.0
131.4950495049505
134.54455445544554
134.7029702970297
134.7029702970297
131.6138613861386
134.88118811881188
138.54455445544554
143.07920792079207
142.68316831683168
143.67326732673268
148.58415841584159
146.88118811881188
146.66336633663366
148.86138613861385
153.31683168316832
153.03960396039605
149.45544554455446
149.8118811881188
149.77227722772278
152.78217821782178
153.23762376237624
155.9108910891089
157.03960396039605
161.87128712871288
161.01980198019803
160.66336633663366
159.55445544554456
160.2871287128713
158.74257425742573
163.15841584158414
167.13861386138615
169.33663366336634
169.33663366336634
169.15841584158414
169.55445544554456
171.79207920792078
176.14851485148515
172.82178217821783
173.15841584158414
171.7128712871287
171.37623762376236
171.17821782178217
171.15841584158414
170.1881188118812
170.3861386138614
175.990099009901
176.26732673267327
177.8910891089109
180.68316831683168
183.07920792079207
180.4257425742574
183.3960396039604
184.1881188118812
184.96039603960395
184.52475247524754
180.4257425742574
180.4257425742574
180.4257425742574
176.06930693069307
176.14851485148515
176.62376237623764
177.13861386138615
182.5049504950495
184.74257425742573
188.30693069306932
190.52475247524754
191.5148514851485
192.62376237623764
190.16831683168317
191.25742574257427
193.17821782178217
192.40594059405942
192.06930693069307
191.3960396039604
192.54455445544554
192.62376237623764
192.62376237623764
192.8019801980198
188.58415841584159
184.24752475247524
184.12871287128712
184.44554455445544
183.95049504950495
180.98019801980197
178.5049504950495
178.5049504950495
182.1881188118812
182.4851485148515
177.6138613861386
177.33663366336634
177.59405940594058
178.98019801980197
184.82178217821783
189.75247524752476
190.74257425742573
190.66336633663366
190.1881188118812
191.1980198019802
192.72277227722773
189.77227722772278
189.73267326732673
189.73267326732673
190.86138613861385
190.4257425742574
190.4257425742574
193.53465346534654
193.4950495049505
188.20792079207922
184.88118811881188
187.53465346534654
186.82178217821783
186.5049504950495
190.7029702970297
190.72277227722773
191.01980198019803
190.62376237623764
185.85148514851485
189.33663366336634
185.15841584158414
185.37623762376236
185.07920792079207
183.97029702970298
183.87128712871288
187.6138613861386
187.43564356435644
188.12871287128712
184.12871287128712
187.11881188118812
186.66336633663366
186.88118811881188
183.0990099009901
181.79207920792078
181.9108910891089
181.5148514851485
179.6138613861386
178.62376237623764
178.2871287128713
174.20792079207922
173.6138613861386
174.1089108910891
175.55445544554456
175.8910891089109
175.4950495049505
176.12871287128712
180.68316831683168
177.27722772277227
172.36633663366337
172.9009900990099
172.84158415841586
173.5742574257426
168.82178217821783
171.55445544554456
171.85148514851485
171.85148514851485
169.8910891089109
167.13861386138615
168.1881188118812
166.54455445544554
165.65346534653466
170.009900990099
170.4851485148515
170.14851485148515
165.85148514851485
162.54455445544554
159.87128712871288
158.32673267326732
157.03960396039605
152.30693069306932
149.83168316831683
152.76237623762376
156.14851485148515
154.56435643564356
158.46534653465346
161.75247524752476
161.31683168316832
161.3960396039604
159.95049504950495
155.8118811881188
155.5742574257426
157.69306930693068
162.0891089108911
160.6039603960396
160.6039603960396
160.84158415841586
163.8910891089109
167.67326732673268
167.67326732673268
167.47524752475246
167.47524752475246
172.34653465346534
171.4950495049505
171.21782178217822
171.27722772277227
171.27722772277227
171.27722772277227
170.3861386138614
170.6039603960396
170.64356435643563
170.58415841584159
170.2871287128713
175.05940594059405
175.01980198019803
173.35643564356437
168.68316831683168
169.31683168316832
168.88118811881188
165.65346534653466
162.78217821782178
167.77227722772278
171.07920792079207
171.5148514851485
171.95049504950495
172.04950495049505
171.13861386138615
169.3960396039604
169.01980198019803
165.47524752475246
170.52475247524754
170.54455445544554
174.72277227722773
174.14851485148515
169.5148514851485
170.62376237623764
171.23762376237624
171.11881188118812
171.25742574257427
171.2970297029703
176.02970297029702
176.04950495049505
176.0891089108911
177.41584158415841
180.84158415841586
182.20792079207922
181.75247524752476
181.77227722772278
181.65346534653466
181.13861386138615
181.03960396039605
182.16831683168317
186.66336633663366
186.66336633663366
186.36633663366337
186.20792079207922
181.87128712871288
179.47524752475246
179.67326732673268
182.84158415841586
183.95049504950495
182.14851485148515
182.2871287128713
182.14851485148515
187.43564356435644
187.11881188118812
187.23762376237624
187.23762376237624
188.9009900990099
187.990099009901
191.03960396039605
192.30693069306932
193.0
192.72277227722773
190.46534653465346
185.75247524752476
187.37623762376236
190.26732673267327
191.93069306930693
193.35643564356437
194.6039603960396
198.76237623762376
201.6138613861386
197.33663366336634
192.84158415841586
197.0
197.33663366336634
198.86138613861385
199.8910891089109
199.63366336633663
201.33663366336634
205.35643564356437
200.92079207920793
202.82178217821783
200.68316831683168
202.64356435643563
201.5148514851485
201.55445544554456
201.8910891089109
201.6138613861386
201.37623762376236
201.5742574257426
201.5742574257426
200.32673267326732
201.1980198019802
200.84158415841586
201.21782178217822
200.40594059405942
199.27722772277227
200.06930693069307
200.009900990099
200.22772277227722
196.4851485148515
191.97029702970298
191.5148514851485
191.8910891089109
193.55445544554456
198.52475247524754
198.32673267326732
198.64356435643563
201.55445544554456
204.52475247524754
200.78217821782178
200.40594059405942
201.95049504950495
197.77227722772278
197.87128712871288
198.0891089108911
195.59405940594058
195.97029702970298
199.55445544554456
199.55445544554456
199.5742574257426
194.6039603960396
195.17821782178217
198.22772277227722
197.83168316831683
193.79207920792078
191.79207920792078
191.8118811881188
191.93069306930693
191.73267326732673
192.14851485148515
191.17821782178217
191.01980198019803
191.23762376237624
188.58415841584159
185.75247524752476
186.12871287128712
188.32673267326732
189.83168316831683
187.11881188118812
186.2871287128713
185.990099009901
185.59405940594058
185.75247524752476
185.07920792079207
185.4950495049505
187.87128712871288
186.62376237623764
185.75247524752476
189.55445544554456
189.37623762376236
188.009900990099
188.20792079207922
188.1881188118812
188.20792079207922
188.20792079207922
186.74257425742573
187.03960396039605
191.35643564356437
190.7029702970297
187.05940594059405
186.3861386138614
186.66336633663366
188.78217821782178
193.83168316831683
195.3960396039604
195.3960396039604
195.9108910891089
196.02970297029702
194.34653465346534
189.93069306930693
186.009900990099
190.66336633663366
194.14851485148515
193.990099009901
194.20792079207922
194.3861386138614
193.8910891089109
194.44554455445544
194.20792079207922
194.4257425742574
199.0990099009901
199.25742574257427
201.3960396039604
201.41584158415841
202.54455445544554
202.6039603960396
199.990099009901
200.26732673267327
198.3861386138614
198.56435643564356
198.4257425742574
195.59405940594058
192.56435643564356
192.82178217821783
191.53465346534654
191.77227722772278
192.8019801980198
192.78217821782178
192.4257425742574
192.1881188118812
195.03960396039605
199.85148514851485
197.3960396039604
194.46534653465346
194.46534653465346
194.30693069306932
194.2871287128713
194.36633663366337
194.06930693069307
194.30693069306932
197.75247524752476
198.14851485148515
197.9108910891089
199.37623762376236
193.97029702970298
192.22772277227722
196.72277227722773
191.69306930693068
192.04950495049505
187.97029702970298
183.05940594059405
187.31683168316832
186.94059405940595
186.02970297029702
180.94059405940595
180.84158415841586
182.96039603960395
182.8019801980198
182.8019801980198
178.2871287128713
178.2871287128713
179.33663366336634
179.43564356435644
179.5742574257426
182.36633663366337
185.23762376237624
184.7029702970297
184.4257425742574
181.8118811881188
184.76237623762376
188.7029702970297
188.56435643564356
188.96039603960395
189.0990099009901
188.4851485148515
193.13861386138615
193.0
191.4950495049505
192.06930693069307
188.72277227722773
189.23762376237624
191.13861386138615
191.0
190.7029702970297
190.66336633663366
188.84158415841586
190.02970297029702
189.69306930693068
189.85148514851485
188.44554455445544
192.46534653465346
188.12871287128712
188.06930693069307
187.79207920792078
187.79207920792078
188.68316831683168
185.95049504950495
186.04950495049505
185.83168316831683
187.33663366336634
192.36633663366337
196.2871287128713
195.990099009901
196.74257425742573
196.9009900990099
196.96039603960395
196.72277227722773
197.17821782178217
197.17821782178217
197.1980198019802
196.88118811881188
196.7029702970297
195.97029702970298
195.79207920792078
191.95049504950495
191.25742574257427
191.41584158415841
193.8910891089109
193.43564356435644
195.55445544554456
195.55445544554456
195.47524752475246
198.16831683168317
197.3960396039604
196.6039603960396
197.8910891089109
198.46534653465346
198.40594059405942
198.62376237623764
199.33663366336634
199.79207920792078
201.0990099009901
200.62376237623764
203.53465346534654
204.30693069306932
204.30693069306932
204.0891089108911
203.75247524752476
203.79207920792078
204.30693069306932
204.30693069306932
200.0891089108911
200.0891089108911
200.40594059405942
200.32673267326732
202.16831683168317
200.009900990099
195.8118811881188
200.6039603960396
200.46534653465346
201.65346534653466
206.52475247524754
207.23762376237624
207.6138613861386
210.1881188118812
215.33663366336634
219.47524752475246
217.73267326732673
216.36633663366337
216.04950495049505
220.76237623762376
220.5049504950495
216.06930693069307
211.5742574257426
210.62376237623764
205.77227722772278
205.63366336633663
205.53465346534654
205.55445544554456
207.9108910891089
207.87128712871288
207.9108910891089
203.4950495049505
198.94059405940595
198.64356435643563
199.93069306930693
199.6138613861386
199.55445544554456
200.2871287128713
200.44554455445544
203.8910891089109
205.35643564356437
201.1980198019802
201.65346534653466
201.97029702970298
202.30693069306932
204.04950495049505
204.32673267326732
204.30693069306932
204.3861386138614
206.44554455445544
206.04950495049505
211.25742574257427
206.3861386138614
206.1881188118812
205.85148514851485
205.73267326732673
208.1881188118812
207.77227722772278
207.73267326732673
207.95049504950495
208.009900990099
205.41584158415841
204.02970297029702
202.26732673267327
202.26732673267327
202.16831683168317
201.35643564356437
201.35643564356437
201.1980198019802
201.23762376237624
199.63366336633663
199.47524752475246
197.69306930693068
197.87128712871288
199.45544554455446
200.14851485148515
197.47524752475246
192.22772277227722
191.97029702970298
191.8910891089109
191.8910891089109
191.75247524752476
188.7029702970297
190.04950495049505
186.30693069306932
185.41584158415841
185.05940594059405
185.21782178217822
185.21782178217822
184.96039603960395
184.58415841584159
184.44554455445544
184.56435643564356
184.78217821782178
181.8910891089109
181.53465346534654
181.9108910891089
179.990099009901
179.85148514851485
178.4851485148515
178.4851485148515
182.82178217821783
182.76237623762376
182.4257425742574
185.35643564356437
188.8019801980198
193.3960396039604
197.67326732673268
197.55445544554456
197.69306930693068
199.11881188118812
194.56435643564356
189.5148514851485
188.84158415841586
187.35643564356437
187.65346534653466
187.3960396039604
188.88118811881188
188.36633663366337
188.68316831683168
188.20792079207922
188.46534653465346
192.98019801980197
197.07920792079207
198.02970297029702
203.1980198019802
203.33663366336634
201.01980198019803
196.66336633663366
196.92079207920793
193.97029702970298
191.93069306930693
196.78217821782178
200.7029702970297
200.92079207920793
199.21782178217822
199.31683168316832
199.59405940594058
198.72277227722773
198.84158415841586
198.84158415841586
198.56435643564356
202.72277227722773
202.2871287128713
201.97029702970298
199.9108910891089
199.990099009901
197.33663366336634
197.45544554455446
197.45544554455446
196.98019801980197
197.37623762376236
196.74257425742573
201.27722772277227
201.8910891089109
201.9108910891089
202.24752475247524
202.66336633663366
199.23762376237624
199.4950495049505
199.4950495049505
198.32673267326732
200.88118811881188
202.56435643564356
204.58415841584159
204.32673267326732
204.5049504950495
205.35643564356437
204.54455445544554
204.26732673267327
203.8910891089109
205.53465346534654
205.87128712871288
208.2871287128713
205.63366336633663
207.03960396039605
206.68316831683168
208.98019801980197
214.36633663366337
215.07920792079207
214.6039603960396
214.6039603960396
211.73267326732673
216.36633663366337
218.78217821782178
221.65346534653466
221.97029702970298
219.15841584158414
219.01980198019803
218.66336633663366
218.92079207920793
219.11881188118812
219.05940594059405
218.96039603960395
218.58415841584159
220.9009900990099
221.11881188118812
220.94059405940595
222.94059405940595
222.82178217821783
224.24752475247524
224.24752475247524
224.22772277227722
223.3960396039604
223.5742574257426
223.4950495049505
221.4950495049505
216.92079207920793
216.62376237623764
216.54455445544554
215.2970297029703
216.76237623762376
221.25742574257427
225.9108910891089
226.4851485148515
225.27722772277227
225.11881188118812
225.37623762376236
225.79207920792078
227.77227722772278
227.47524752475246
227.79207920792078
227.53465346534654
227.79207920792078
228.24752475247524
228.24752475247524
226.4851485148515
226.9009900990099
229.5148514851485
230.9009900990099
230.62376237623764
233.8910891089109
234.22772277227722
229.65346534653466
224.6039603960396
219.63366336633663
216.4851485148515
211.7128712871287
211.8910891089109
214.58415841584159
214.84158415841586
214.86138613861385
215.0
214.68316831683168
214.4851485148515
214.3861386138614
213.43564356435644
212.76237623762376
215.01980198019803
212.8019801980198
212.30693069306932
209.2970297029703
207.9108910891089
208.26732673267327
208.66336633663366
208.66336633663366
208.98019801980197
208.98019801980197
208.62376237623764
209.11881188118812
209.07920792079207
208.9009900990099
210.3861386138614
208.5049504950495
208.1881188118812
207.47524752475246
207.3960396039604
207.59405940594058
207.79207920792078
208.3861386138614
208.6039603960396
208.98019801980197
209.25742574257427
208.04950495049505
203.85148514851485
205.97029702970298
202.32673267326732
202.68316831683168
202.72277227722773
197.6138613861386
197.2970297029703
197.59405940594058
197.4950495049505
200.72277227722773
199.79207920792078
199.75247524752476
201.65346534653466
202.06930693069307
205.11881188118812
200.32673267326732
200.68316831683168
198.36633663366337
198.54455445544554
198.74257425742573
199.0990099009901
199.27722772277227
201.7128712871287
201.5742574257426
201.75247524752476
201.87128712871288
201.83168316831683
199.59405940594058
196.66336633663366
196.56435643564356
194.0891089108911
192.5049504950495
192.46534653465346
194.4851485148515
199.07920792079207
199.17821782178217
199.01980198019803
200.22772277227722
199.95049504950495
199.97029702970298
198.8019801980198
194.009900990099
197.0990099009901
195.5742574257426
190.54455445544554
185.9108910891089
186.1881188118812
185.0990099009901
183.1980198019802
178.52475247524754
178.52475247524754
178.52475247524754
178.52475247524754
179.8910891089109
179.63366336633663
175.7128712871287
177.83168316831683
177.8118811881188
177.45544554455446
179.15841584158414
183.63366336633663
189.23762376237624
189.13861386138615
194.009900990099
198.76237623762376
198.76237623762376
198.36633663366337
194.40594059405942
193.11881188118812
192.8019801980198
192.78217821782178
193.15841584158414
193.45544554455446
196.46534653465346
197.13861386138615
193.03960396039605
194.9009900990099
192.1881188118812
195.5742574257426
192.98019801980197
191.13861386138615
190.74257425742573
190.74257425742573
190.52475247524754
189.79207920792078
190.4257425742574
194.16831683168317
193.8118811881188
191.73267326732673
191.3960396039604
191.93069306930693
187.83168316831683
188.34653465346534
183.8910891089109
183.59405940594058
183.59405940594058
183.93069306930693
184.009900990099
183.8910891089109
183.8910891089109
184.86138613861385
187.8118811881188
188.02970297029702
192.1881188118812
192.0891089108911
190.96039603960395
195.93069306930693
196.009900990099
196.06930693069307
196.16831683168317
195.1980198019802
196.32673267326732
196.3861386138614
195.45544554455446
