-257.0
-279.0
-253.0
-114.5
-46.6
-58.0
-11.571428571428571
-38.25
-34.111111111111114
-60.8
-65.72727272727273
-80.83333333333333
-63.92307692307692
-74.71428571428571
-86.46666666666667
-62.375
-41.0
-55.22222222222222
-61.10526315789474
-45.5
-57.666666666666664
-55.36363636363637
-50.130434782608695
-35.5
-40.44
-34.53846153846154
-25.074074074074073
-24.357142857142858
-26.862068965517242
-23.6
-27.451612903225808
-20.0
-14.272727272727273
-20.235294117647058
-26.65714285714286
-34.27777777777778
-29.594594594594593
-21.57894736842105
-17.564102564102566
-15.25
-19.29268292682927
-24.523809523809526
-26.906976744186046
-29.90909090909091
-35.93333333333333
-36.04347826086956
-34.787234042553195
-36.25
-34.38775510204081
-36.32
-41.509803921568626
-43.57692307692308
-44.056603773584904
-48.592592592592595
-50.018181818181816
-54.5
-56.719298245614034
-58.6551724137931
-55.30508474576271
-53.8
-56.31147540983606
-51.45161290322581
-51.25396825396825
-50.8125
-45.58461538461538
-46.45454545454545
-44.850746268656714
-42.26470588235294
-42.10144927536232
-45.8
-48.74647887323944
-47.19444444444444
-43.41095890410959
-41.45945945945946
-40.57333333333333
-41.21052631578947
-40.74025974025974
-44.07692307692308
-43.20253164556962
-43.85
-39.592592592592595
-39.829268292682926
-41.24096385542169
-40.666666666666664
-36.76470588235294
-38.30232558139535
-36.333333333333336
-34.86363636363637
-36.59550561797753
-32.84444444444444
-35.46153846153846
-33.23913043478261
-36.11827956989247
-33.06382978723404
-35.23157894736842
-33.541666666666664
-30.09278350515464
-32.755102040816325
-34.83838383838384
-33.68
-33.73267326732673
-33.83168316831683
-33.83168316831683
-28.861386138613863
-34.82178217821782
-37.633663366336634
-35.35643564356435
-38.9009900990099
-33.772277227722775
-35.95049504950495
-35.95049504950495
-37.79207920792079
-33.633663366336634
-33.495049504950494
-34.148514851485146
-29.356435643564357
-31.693069306930692
-35.554455445544555
-29.633663366336634
-25.0
-27.099009900990097
-26.06930693069307
-23.019801980198018
-24.980198019801982
-28.84158415841584
-28.504950495049506
-30.683168316831683
-31.356435643564357
-32.366336633663366
-34.386138613861384
-38.06930693069307
-38.40594059405941
-43.475247524752476
-48.12871287128713
-47.95049504950495
-43.07920792079208
-39.495049504950494
-43.851485148514854
-45.59405940594059
-45.554455445544555
-49.277227722772274
-50.46534653465346
-46.48514851485149
-43.277227722772274
-40.26732673267327
-37.89108910891089
-40.42574257425743
-41.97029702970297
-43.91089108910891
-43.475247524752476
-41.554455445544555
-41.554455445544555
-42.56435643564357
-44.86138613861386
-42.306930693069305
-44.02970297029703
-41.83168316831683
-39.59405940594059
-38.42574257425743
-39.51485148514851
-42.386138613861384
-38.56435643564357
-43.851485148514854
-44.16831683168317
-43.79207920792079
-43.67326732673267
-43.13861386138614
-40.881188118811885
-45.15841584158416
-47.0
-47.0
-47.118811881188115
-47.01980198019802
-46.306930693069305
-50.28712871287129
-50.08910891089109
-50.18811881188119
-47.35643564356435
-44.10891089108911
-47.336633663366335
-44.742574257425744
-48.62376237623762
-48.386138613861384
-44.801980198019805
-43.475247524752476
-47.0990099009901
-45.71287128712871
-46.08910891089109
-47.851485148514854
-43.198019801980195
-48.524752475247524
-45.45544554455446
-45.0990099009901
-43.257425742574256
-46.76237623762376
-47.37623762376238
-48.54455445544554
-52.10891089108911
-48.12871287128713
-43.67326732673267
-41.495049504950494
-43.118811881188115
-41.79207920792079
-39.93069306930693
-43.43564356435643
-39.71287128712871
-41.93069306930693
-41.475247524752476
-42.504950495049506
-48.02970297029703
-48.82178217821782
-47.23762376237624
-43.79207920792079
-48.46534653465346
-47.0
-47.198019801980195
-51.59405940594059
-49.23762376237624
-46.40594059405941
-48.40594059405941
-49.65346534653465
-48.62376237623762
-48.386138613861384
-53.75247524752475
-55.415841584158414
-57.118811881188115
-57.336633663366335
-53.83168316831683
-56.504950495049506
-55.05940594059406
-53.17821782178218
-51.35643564356435
-51.0
-45.99009900990099
-43.257425742574256
-41.554455445544555
-46.98019801980198
-50.56435643564357
-50.56435643564357
-50.86138613861386
-54.94059405940594
-48.98019801980198
-43.07920792079208
-46.504950495049506
-45.87128712871287
-45.79207920792079
-47.89108910891089
-47.17821782178218
-46.603960396039604
-43.81188118811881
-43.415841584158414
-42.40594059405941
-36.445544554455445
-31.059405940594058
-28.762376237623762
-27.871287128712872
-26.524752475247524
-28.722772277227723
-31.11881188118812
-28.722772277227723
-27.97029702970297
-22.84158415841584
-22.643564356435643
-16.801980198019802
-15.831683168316832
-14.346534653465346
-17.336633663366335
-14.247524752475247
-19.653465346534652
-15.01980198019802
-10.524752475247524
-8.504950495049505
-6.267326732673268
-6.524752475247524
-6.861386138613861
-6.861386138613861
-7.653465346534653
-4.900990099009901
-10.663366336633663
-13.910891089108912
-10.98019801980198
-15.613861386138614
-13.871287128712872
-12.386138613861386
-14.900990099009901
-16.168316831683168
-17.138613861386137
-16.405940594059405
-15.356435643564357
-11.831683168316832
-11.633663366336634
-12.267326732673267
-10.267326732673267
-9.772277227722773
-6.306930693069307
-4.3861386138613865
1.5742574257425743
0.8217821782178217
4.3861386138613865
4.683168316831683
5.316831683168317
3.891089108910891
8.683168316831683
12.128712871287128
12.386138613861386
14.207920792079207
14.386138613861386
19.574257425742573
18.821782178217823
23.73267326732673
29.336633663366335
34.34653465346535
32.76237623762376
32.386138613861384
36.02970297029703
33.43564356435643
37.93069306930693
43.0
42.9009900990099
41.0
42.722772277227726
40.663366336633665
36.64356435643565
40.68316831683168
40.08910891089109
41.93069306930693
45.07920792079208
49.51485148514851
46.722772277227726
50.48514851485149
51.81188118811881
53.31683168316832
55.31683168316832
59.693069306930695
60.32673267326733
60.742574257425744
63.2970297029703
69.25742574257426
72.46534653465346
76.70297029702971
78.3069306930693
81.17821782178218
81.05940594059406
79.29702970297029
82.38613861386139
80.64356435643565
81.1980198019802
85.77227722772277
88.38613861386139
88.00990099009901
88.3069306930693
88.84158415841584
86.56435643564356
84.78217821782178
84.86138613861387
88.00990099009901
86.54455445544555
89.53465346534654
95.05940594059406
96.18811881188118
96.54455445544555
98.48514851485149
98.86138613861387
98.04950495049505
98.04950495049505
97.85148514851485
99.01980198019803
101.65346534653466
98.52475247524752
103.95049504950495
102.74257425742574
103.03960396039604
106.98019801980197
109.0
111.0
107.0
112.48514851485149
114.2871287128713
115.31683168316832
121.11881188118812
126.42574257425743
129.05940594059405
135.01980198019803
136.98019801980197
138.82178217821783
142.2871287128713
144.9009900990099
149.11881188118812
148.2871287128713
148.78217821782178
147.97029702970298
147.15841584158414
152.68316831683168
149.8118811881188
150.12871287128712
146.54455445544554
146.52475247524754
145.23762376237624
144.84158415841586
144.78217821782178
146.36633663366337
144.34653465346534
141.33663366336634
138.52475247524754
138.40594059405942
141.4950495049505
143.17821782178217
141.0
140.2871287128713
142.32673267326732
141.5742574257426
140.56435643564356
136.84158415841586
140.62376237623764
142.86138613861385
144.20792079207922
146.8019801980198
147.85148514851485
142.52475247524754
138.96039603960395
138.74257425742573
138.6039603960396
137.35643564356437
141.7128712871287
142.36633663366337
147.6138613861386
148.5049504950495
150.66336633663366
147.73267326732673
150.20792079207922
148.46534653465346
149.0990099009901
151.17821782178217
153.31683168316832
152.44554455445544
152.76237623762376
155.17821782178217
155.27722772277227
154.34653465346534
156.66336633663366
155.65346534653466
155.67326732673268
157.63366336633663
154.62376237623764
153.5148514851485
154.94059405940595
153.35643564356437
154.26732673267327
155.23762376237624
155.25742574257427
156.52475247524754
158.72277227722773
155.5148514851485
159.13861386138615
160.92079207920793
160.92079207920793
159.77227722772278
163.63366336633663
165.15841584158414
164.88118811881188
166.82178217821783
164.56435643564356
161.41584158415841
160.44554455445544
160.52475247524754
160.1881188118812
162.88118811881188
162.72277227722773
162.44554455445544
165.33663366336634
164.88118811881188
166.68316831683168
163.7128712871287
160.78217821782178
161.77227722772278
162.2871287128713
166.62376237623764
162.68316831683168
163.79207920792078
161.5742574257426
159.0
157.8910891089109
157.73267326732673
157.13861386138615
156.66336633663366
155.45544554455446
153.93069306930693
152.22772277227722
152.14851485148515
153.8118811881188
153.63366336633663
154.74257425742573
149.85148514851485
145.55445544554456
146.12871287128712
145.87128712871288
147.21782178217822
149.31683168316832
149.37623762376236
150.86138613861385
149.7128712871287
149.7128712871287
151.65346534653466
155.47524752475246
158.26732673267327
155.15841584158414
155.25742574257427
149.65346534653466
153.73267326732673
151.65346534653466
148.40594059405942
145.59405940594058
143.41584158415841
143.43564356435644
142.0891089108911
141.990099009901
142.94059405940595
140.44554455445544
140.4851485148515
145.43564356435644
148.92079207920793
151.4950495049505
151.9108910891089
151.69306930693068
152.92079207920793
152.92079207920793
153.13861386138615
155.95049504950495
155.37623762376236
158.30693069306932
157.69306930693068
157.17821782178217
156.94059405940595
155.43564356435644
151.67326732673268
149.69306930693068
145.69306930693068
145.2970297029703
145.8118811881188
144.84158415841586
144.9009900990099
146.9009900990099
145.65346534653466
146.5049504950495
148.06930693069307
147.35643564356437
145.31683168316832
149.03960396039605
146.3861386138614
146.52475247524754
148.84158415841586
151.1980198019802
147.13861386138615
149.23762376237624
147.37623762376236
147.23762376237624
147.17821782178217
144.86138613861385
143.41584158415841
142.36633663366337
142.22772277227722
144.0891089108911
146.16831683168317
146.40594059405942
147.07920792079207
147.55445544554456
147.3960396039604
147.6138613861386
147.95049504950495
147.63366336633663
145.03960396039605
145.1980198019802
145.79207920792078
146.56435643564356
148.88118811881188
149.25742574257427
147.11881188118812
144.68316831683168
145.15841584158414
145.0
146.76237623762376
147.85148514851485
149.41584158415841
149.69306930693068
149.95049504950495
150.6039603960396
149.9108910891089
146.96039603960395
148.9009900990099
145.53465346534654
143.67326732673268
144.16831683168317
139.73267326732673
144.12871287128712
144.68316831683168
147.5742574257426
147.97029702970298
146.52475247524754
146.30693069306932
147.53465346534654
145.21782178217822
145.990099009901
145.990099009901
144.04950495049505
143.9108910891089
142.16831683168317
143.69306930693068
143.5742574257426
148.2871287128713
146.54455445544554
147.73267326732673
148.86138613861385
152.06930693069307
151.25742574257427
154.8019801980198
158.32673267326732
155.3960396039604
154.72277227722773
153.01980198019803
150.92079207920793
145.33663366336634
139.55445544554456
138.94059405940595
138.56435643564356
142.72277227722773
139.01980198019803
137.63366336633663
138.12871287128712
137.95049504950495
138.52475247524754
138.52475247524754
138.6039603960396
140.96039603960395
141.83168316831683
143.83168316831683
145.33663366336634
148.1881188118812
151.65346534653466
152.22772277227722
147.37623762376236
147.87128712871288
146.26732673267327
144.9009900990099
146.4257425742574
143.15841584158414
144.72277227722773
147.03960396039605
145.63366336633663
143.63366336633663
145.75247524752476
145.5148514851485
142.06930693069307
139.59405940594058
142.02970297029702
144.20792079207922
146.06930693069307
145.75247524752476
145.69306930693068
149.07920792079207
149.93069306930693
150.64356435643563
151.4950495049505
150.16831683168317
150.52475247524754
153.37623762376236
148.92079207920793
149.1980198019802
148.94059405940595
148.1881188118812
148.1881188118812
144.22772277227722
145.05940594059405
140.96039603960395
141.0990099009901
143.31683168316832
143.93069306930693
143.93069306930693
145.5742574257426
147.85148514851485
149.5742574257426
149.53465346534654
150.16831683168317
151.31683168316832
148.5049504950495
148.66336633663366
148.66336633663366
148.52475247524754
150.4257425742574
154.4257425742574
153.9108910891089
157.33663366336634
157.65346534653466
157.17821782178217
155.65346534653466
153.55445544554456
157.31683168316832
152.92079207920793
150.02970297029702
150.2871287128713
148.76237623762376
148.76237623762376
150.92079207920793
151.35643564356437
145.93069306930693
145.43564356435644
141.7128712871287
142.56435643564356
145.0990099009901
145.3960396039604
146.2871287128713
145.5148514851485
147.7128712871287
144.98019801980197
143.11881188118812
146.92079207920793
146.26732673267327
145.87128712871288
148.88118811881188
148.26732673267327
151.65346534653466
154.12871287128712
159.69306930693068
165.2970297029703
166.4851485148515
166.86138613861385
166.64356435643563
170.34653465346534
171.4950495049505
170.4851485148515
170.56435643564356
166.12871287128712
161.2970297029703
158.4257425742574
158.4257425742574
156.7029702970297
155.95049504950495
158.20792079207922
157.8118811881188
158.34653465346534
157.27722772277227
161.35643564356437
162.76237623762376
164.22772277227722
166.32673267326732
166.72277227722773
169.2970297029703
169.05940594059405
170.009900990099
170.76237623762376
172.02970297029702
172.56435643564356
172.8019801980198
176.32673267326732
178.94059405940595
181.15841584158414
180.8019801980198
180.54455445544554
180.54455445544554
179.35643564356437
176.66336633663366
176.34653465346534
176.78217821782178
175.37623762376236
176.30693069306932
173.2970297029703
170.74257425742573
171.05940594059405
172.04950495049505
172.02970297029702
172.36633663366337
172.14851485148515
174.1089108910891
176.1881188118812
180.32673267326732
180.32673267326732
180.64356435643563
176.44554455445544
175.07920792079207
172.84158415841586
172.52475247524754
174.6039603960396
174.74257425742573
174.5049504950495
174.76237623762376
173.95049504950495
170.66336633663366
166.30693069306932
166.44554455445544
165.65346534653466
165.77227722772278
165.31683168316832
164.2871287128713
167.53465346534654
168.1881188118812
172.1089108910891
171.27722772277227
171.69306930693068
175.23762376237624
174.46534653465346
174.74257425742573
176.4851485148515
176.009900990099
178.4257425742574
176.12871287128712
180.68316831683168
183.27722772277227
187.75247524752476
188.5049504950495
188.52475247524754
185.2970297029703
185.05940594059405
187.45544554455446
184.32673267326732
189.27722772277227
191.05940594059405
189.93069306930693
188.5049504950495
186.02970297029702
186.3861386138614
187.67326732673268
188.04950495049505
183.63366336633663
183.55445544554456
180.1881188118812
180.1881188118812
180.1881188118812
180.52475247524754
178.4851485148515
178.4851485148515
179.25742574257427
175.69306930693068
176.1089108910891
177.25742574257427
180.98019801980197
181.25742574257427
182.0891089108911
182.0891089108911
181.05940594059405
177.73267326732673
176.009900990099
173.5742574257426
172.98019801980197
172.78217821782178
170.62376237623764
167.3960396039604
167.3960396039604
168.0891089108911
168.32673267326732
168.7029702970297
171.07920792079207
168.32673267326732
165.83168316831683
165.33663366336634
164.30693069306932
164.1881188118812
163.85148514851485
161.2970297029703
160.5049504950495
159.8910891089109
160.66336633663366
163.4950495049505
164.40594059405942
163.25742574257427
164.66336633663366
164.5049504950495
168.06930693069307
168.26732673267327
172.7029702970297
172.1089108910891
172.34653465346534
170.12871287128712
166.9009900990099
169.85148514851485
166.46534653465346
166.5049504950495
166.30693069306932
165.69306930693068
169.8910891089109
171.25742574257427
173.5148514851485
173.8118811881188
173.35643564356437
172.44554455445544
169.69306930693068
167.0
169.0990099009901
171.990099009901
176.32673267326732
173.23762376237624
173.37623762376236
169.8910891089109
169.95049504950495
171.47524752475246
169.67326732673268
166.02970297029702
163.83168316831683
163.87128712871288
163.2970297029703
163.6138613861386
166.4257425742574
168.88118811881188
168.62376237623764
164.54455445544554
164.84158415841586
163.67326732673268
159.01980198019803
158.20792079207922
155.43564356435644
155.55445544554456
151.85148514851485
155.55445544554456
155.67326732673268
152.0891089108911
154.78217821782178
154.4851485148515
149.85148514851485
151.17821782178217
153.41584158415841
156.2871287128713
156.6039603960396
151.990099009901
152.4257425742574
155.73267326732673
154.52475247524754
157.53465346534654
157.53465346534654
156.4257425742574
153.03960396039605
155.07920792079207
149.35643564356437
148.74257425742573
152.20792079207922
152.06930693069307
155.75247524752476
156.2871287128713
155.83168316831683
151.69306930693068
152.44554455445544
150.36633663366337
149.87128712871288
147.8118811881188
150.009900990099
150.68316831683168
149.9108910891089
149.35643564356437
152.36633663366337
151.07920792079207
150.72277227722773
149.0990099009901
148.82178217821783
149.0990099009901
151.79207920792078
154.0891089108911
154.58415841584159
155.79207920792078
156.24752475247524
156.36633663366337
155.85148514851485
156.9009900990099
157.07920792079207
157.37623762376236
153.33663366336634
152.92079207920793
153.97029702970298
153.97029702970298
148.98019801980197
144.74257425742573
145.53465346534654
141.63366336633663
138.78217821782178
133.65346534653466
131.9108910891089
134.96039603960395
130.68316831683168
132.2871287128713
132.56435643564356
132.76237623762376
133.37623762376236
133.07920792079207
132.5049504950495
132.98019801980197
133.15841584158414
127.79207920792079
127.75247524752476
130.4257425742574
129.55445544554456
126.82178217821782
123.63366336633663
123.61386138613861
126.62376237623762
126.92079207920793
130.76237623762376
131.67326732673268
131.5148514851485
130.4257425742574
133.59405940594058
137.27722772277227
140.52475247524754
140.88118811881188
141.0990099009901
